(
SCG1_HUMAN_1_179:0.04658,
SCGA_XENLA_1_178:0.09387,
STHM_MOUSE_1_148:0.28451);
